1.7146	2.0432	2.1118	2.1286	1.4851	0.40092	0.061593	0.066339	0.07953	0.04472	0.047529	0.061144	0.029346	0.0055765	0.0013512	0.0042981	0.0096809	0.0096486	0.0039659	0.00090358	0.00044699	0.0012441	0.004594	0.010374	0.012982	0.0087196	0.0042392	0.00079392	0.00074087	0.0010844	0.00050392	0.00038668	0.0005387	0.00050699	0.0010414	0.0025431	0.002192	0.0017703	0.0013013	0.0026933	0.0040323	0.003825	0.0022638	0.00063733	0.0003281	0.00035406	0.00046261	0.00051202	0.00060224	0.00058962	0.00043988	0.00045624	0.00051044	0.00079952	0.00090196	0.0009892	0.00090691	0.00079057	0.00076363	0.00082396	0.00073833	0.00060767	0.00097204	100
2.3776	2.2199	1.8797	0.58063	0.84147	1.2882	0.69764	0.45241	0.35652	0.18346	0.12438	0.07835	0.024461	0.002827	0.01185	0.018844	0.022089	0.018614	0.0062138	0.010124	0.023359	0.027398	0.029763	0.02125	0.011165	0.0074954	0.004726	0.0040593	0.0066982	0.0039314	0.0023875	0.0015782	0.0005209	0.00074216	0.0016035	0.0018518	0.0013321	0.0008307	0.00045387	0.00076403	0.0014966	0.0041993	0.0033585	0.00098447	0.0003447	0.00055207	0.00046206	0.00030157	0.00040075	0.00040176	0.00053902	0.00047474	0.00043858	0.00053229	0.00060838	0.00057304	0.00071715	0.00079477	0.00086323	0.00062324	0.00067772	0.00085905	0.00060536	101
3.5154	2.9063	0.87874	0.045322	0.02097	0.072676	0.083271	0.08425	0.37297	0.45057	0.22945	0.11849	0.023945	0.023585	0.059625	0.061608	0.02019	0.0093325	0.016887	0.01509	0.015827	0.011331	0.017381	0.0075438	0.0057883	0.011389	0.016078	0.011582	0.013831	0.0064719	0.00091705	0.00051017	0.00044445	0.00052702	0.00048007	0.00057123	0.0024346	0.0041059	0.0019956	0.0015757	0.0040668	0.0037767	0.0016982	0.0012006	0.00079773	0.00081568	0.00068263	0.00061759	0.00061516	0.00057678	0.00066883	0.00065044	0.00050064	0.0005951	0.0007618	0.0010065	0.0011327	0.00061319	0.00094424	0.00080714	0.0010952	0.00081607	0.0010092	102
1.8328	2.6833	1.609	0.72562	0.18461	0.041844	0.029332	0.076111	0.10037	0.056281	0.020505	0.013817	0.0096773	0.0022851	0.00076707	0.013052	0.028862	0.019072	0.0071307	0.0035893	0.00082003	0.0022837	0.010624	0.013807	0.0054559	0.01307	0.016678	0.0082831	0.001552	0.00079535	0.00034438	0.00021206	0.00021257	0.00028223	0.001055	0.0018852	0.001373	0.00082419	0.00058449	0.00056377	0.00035782	0.00060859	0.00032199	0.00064142	0.00073568	0.0004291	0.00032736	0.00062338	0.00038406	0.00030515	0.00035526	0.00039161	0.0003456	0.00041226	0.0006243	0.00050003	0.00030319	0.00050623	0.00057183	0.00068052	0.00078436	0.00077919	0.00060837	103
3.3221	3.0477	1.6515	0.34831	0.025596	0.092862	0.1545	0.076375	0.01653	0.011952	0.0064142	0.0051288	0.0018765	0.00042379	0.0022768	0.0047793	0.0029103	0.004809	0.0094632	0.0068871	0.0090343	0.0107	0.01036	0.0086878	0.0025037	0.00047168	0.00045625	0.00042333	0.00045529	0.00026645	0.00024219	0.00031257	0.00044344	0.00047634	0.0003226	0.00021974	0.00017495	0.00025487	0.00025503	0.00020296	0.00019543	0.00028273	0.00023863	0.00017352	0.00022945	0.0002848	0.00020223	0.00021165	0.00025945	0.00018141	0.00025788	0.00035796	0.00036066	0.00037281	0.00042297	0.00058502	0.00070188	0.00059641	0.00048327	0.00048533	0.00062388	0.00056939	0.00051599	104
3.9195	3.2765	1.3902	0.096611	0.23247	0.50251	0.41381	0.30637	0.16817	0.27494	0.2603	0.11591	0.01667	0.00814	0.032393	0.066754	0.041498	0.0076896	0.011505	0.022507	0.027029	0.016103	0.021794	0.021636	0.0063257	0.0034302	0.0087929	0.010883	0.014876	0.010743	0.001653	0.0006655	0.00045113	0.00067477	0.00099331	0.0017496	0.0036081	0.0047285	0.0066471	0.0042288	0.004072	0.0029397	0.00050454	0.00039318	0.00097232	0.00096976	0.00046412	0.00043573	0.00038132	0.00030861	0.00051461	0.0005726	0.00063467	0.00066528	0.00073696	0.00083974	0.0007314	0.00054571	0.00059506	0.00065041	0.00069988	0.00091546	0.00093724	105
0.06914	0.16426	0.14424	0.3191	0.4572	0.37062	0.6051	1.1396	1.5699	1.6378	1.1554	0.74908	0.7096	0.47822	0.38519	0.40125	0.41603	0.36475	0.29191	0.26166	0.29482	0.3938	0.55459	0.62925	0.6891	0.55398	0.73542	0.78985	0.4352	0.29722	0.20992	0.19411	0.14443	0.12737	0.15814	0.20305	0.2618	0.20214	0.16799	0.12246	0.18196	0.18368	0.12947	0.16184	0.15943	0.12597	0.11026	0.082422	0.088582	0.082383	0.072748	0.070214	0.074774	0.075875	0.055061	0.05015	0.047479	0.045927	0.045886	0.035936	0.033627	0.027065	0.016524	106
2.085	1.7593	0.58426	0.24979	0.31715	0.36426	0.27003	0.14925	0.19735	0.23246	0.33181	0.46163	0.72317	0.71117	0.3428	0.17964	0.20819	0.27475	0.21424	0.15941	0.21848	0.13487	0.31188	0.36537	0.51725	0.52589	0.38928	0.25198	0.46591	0.46746	0.23066	0.10053	0.077549	0.14271	0.13882	0.30232	0.29778	0.29715	0.29711	0.37353	0.2779	0.15952	0.22057	0.27269	0.22625	0.19103	0.30821	0.22309	0.16268	0.18961	0.15744	0.10896	0.079243	0.078399	0.073145	0.054112	0.067121	0.047224	0.045332	0.034362	0.024683	0.025413	0.014461	107
2.108	1.7633	0.57523	0.13154	0.16697	0.20935	0.22025	0.38918	0.41416	0.86082	1.3103	0.82901	0.68756	0.39904	0.34057	0.33061	0.27257	0.25233	0.20451	0.16207	0.1457	0.12215	0.17871	0.19756	0.24289	0.18699	0.18295	0.21721	0.16507	0.12392	0.109	0.094607	0.0869	0.098596	0.11681	0.12724	0.21874	0.23572	0.20092	0.16628	0.14047	0.11387	0.1003	0.07618	0.059002	0.049376	0.039771	0.062113	0.066583	0.052355	0.039199	0.023752	0.018591	0.024137	0.028165	0.022534	0.01719	0.018058	0.015201	0.013259	0.016651	0.014301	0.0055455	108
1.6478	1.4965	0.57836	0.62519	0.78235	0.70824	1.0825	0.86918	0.60685	0.62446	0.50654	0.31971	0.34548	0.3379	0.22798	0.27588	0.21512	0.15449	0.11632	0.16267	0.15123	0.25766	0.40406	0.45234	0.32555	0.33891	0.23901	0.20375	0.14406	0.092328	0.057263	0.046454	0.031557	0.037682	0.089893	0.094642	0.11518	0.13246	0.14778	0.099526	0.09846	0.083416	0.063913	0.068766	0.082543	0.08373	0.066993	0.054411	0.055955	0.043866	0.039304	0.026152	0.036207	0.055563	0.045761	0.020936	0.024696	0.021368	0.019467	0.011184	0.0083318	0.0074627	0.006225	109
2.8365	2.0228	0.70007	0.3103	0.60569	0.89378	0.72673	0.20572	0.09954	0.11044	0.08122	0.047676	0.052943	0.070382	0.11121	0.14877	0.089041	0.025995	0.028019	0.026949	0.034408	0.037962	0.088818	0.081729	0.17006	0.12622	0.083686	0.039877	0.044435	0.051826	0.057866	0.048871	0.027607	0.037512	0.05903	0.060342	0.093222	0.15841	0.15512	0.16729	0.16563	0.1553	0.11359	0.10131	0.076566	0.035981	0.024036	0.016347	0.016673	0.013818	0.022161	0.026034	0.02026	0.017777	0.022639	0.017092	0.0071613	0.0042092	0.0036479	0.0036361	0.0030737	0.0028797	0.0021272	110
1.4029	1.8012	1.1867	0.6526	0.70032	0.87378	0.69236	0.41769	0.24146	0.15044	0.24603	0.25613	0.23932	0.10954	0.091267	0.097364	0.082991	0.058299	0.05535	0.060135	0.056119	0.050604	0.044507	0.074464	0.15393	0.17927	0.10412	0.053988	0.0678	0.059695	0.041082	0.025697	0.022087	0.021498	0.017175	0.02353	0.028005	0.028689	0.037947	0.03034	0.027639	0.021605	0.022453	0.020367	0.020924	0.02936	0.033302	0.028931	0.011567	0.0043956	0.0027635	0.0034971	0.0012338	0.0016334	0.0011568	0.001374	0.0015707	0.0024734	0.0022428	0.0017934	0.0024227	0.0019632	0.0016378	111
1.8133	1.9009	2.0317	1.9602	1.0501	0.22556	0.10121	0.18211	0.23841	0.20193	0.10065	0.037225	0.010871	0.0073486	0.013794	0.027735	0.033455	0.027237	0.01733	0.0057523	0.0023612	0.0054089	0.010184	0.014574	0.022833	0.040413	0.03524	0.014313	0.0067801	0.0027913	0.001788	0.0026816	0.0025516	0.0036697	0.0077198	0.010014	0.0071678	0.0085508	0.0075	0.0034262	0.0046809	0.0047558	0.0021264	0.00059865	0.00027275	0.00030743	0.00045566	0.00046061	0.00090985	0.0015373	0.0010434	0.0004627	0.00037473	0.00064078	0.0007133	0.00042378	0.00069649	0.0006324	0.0005134	0.00048164	0.00047777	0.00065781	0.00063105	200
2.2849	2.2901	1.714	0.43601	0.26174	0.37301	0.25744	0.28701	0.22515	0.084444	0.079951	0.063615	0.016145	0.0069267	0.015946	0.018457	0.011346	0.0044899	0.0018518	0.0038678	0.010032	0.01461	0.011585	0.013097	0.01335	0.0062015	0.0035583	0.0033849	0.0031953	0.0035622	0.0035785	0.0017709	0.00041798	0.00058866	0.0019067	0.0020473	0.0013534	0.00061765	0.00028747	0.00027313	0.0002376	0.00036034	0.00036713	0.00025119	0.00019035	0.00022367	0.0003199	0.00027747	0.00031837	0.00043283	0.00038309	0.00034627	0.00050123	0.00055656	0.00041862	0.00044826	0.00049032	0.00047469	0.00053319	0.00051786	0.00058804	0.00061078	0.00056785	201
3.268	2.6313	0.75085	0.064932	0.020627	0.03174	0.042047	0.039864	0.09567	0.10833	0.046248	0.015912	0.011222	0.01782	0.026471	0.021434	0.0056032	0.0048327	0.012019	0.010419	0.0060197	0.0051494	0.0040154	0.0019719	0.0064899	0.012351	0.013737	0.0063422	0.0016622	0.00072354	0.00041763	0.0001649	0.00028104	0.0003521	0.00034141	0.00032704	0.00034217	0.00055938	0.00042778	0.00037213	0.00038877	0.00030523	0.0003827	0.00036128	0.00048341	0.0005814	0.00076536	0.00045838	0.00062086	0.00050951	0.00057559	0.00044925	0.00062968	0.00073275	0.00090764	0.00074913	0.00063223	0.0010169	0.00096512	0.00083015	0.00086478	0.0007551	0.00069985	202
2.3902	2.7394	2.0325	0.79855	0.21331	0.031177	0.016832	0.040299	0.031126	0.023357	0.012558	0.0087138	0.0029586	0.00087485	0.00070525	0.0015822	0.0020906	0.00141	0.0020042	0.0028235	0.0053658	0.0064798	0.0089132	0.0058864	0.004621	0.0072125	0.0042625	0.0013844	0.00042355	0.00045406	0.00040669	0.00019159	0.00021718	0.00031999	0.00028672	0.00026866	0.00022566	0.00022346	0.00025863	0.000164	0.00019812	0.00035121	0.00043719	0.00026144	0.00021892	0.00027499	0.00023854	0.00019766	0.00024804	0.00021743	0.00032499	0.00041945	0.0004314	0.00032656	0.00030722	0.00041102	0.00040902	0.00046929	0.00048403	0.00057393	0.0005213	0.00049832	0.00061736	203
3.8635	2.9983	1.0204	0.11799	0.032559	0.017069	0.02026	0.010368	0.0050075	0.0053864	0.0016443	0.0011049	0.00083395	0.00070981	0.0017973	0.0017263	0.0012485	0.0051673	0.011347	0.01071	0.012897	0.0082686	0.0012935	0.00067872	0.00037043	0.00023846	0.00037935	0.00049691	0.00080891	0.00074896	0.00036292	0.00027004	0.00030279	0.00033603	0.00029546	0.00024721	0.00013958	0.00018905	0.00024308	0.00025625	0.00019424	0.00025669	0.0002362	0.00023324	0.00025269	0.0002906	0.00032494	0.00032943	0.00035294	0.00027753	0.00024988	0.00039893	0.00043915	0.00044636	0.00065331	0.00050816	0.00052534	0.00076314	0.00060775	0.00047514	0.000687	0.00075576	0.00058511	204
2.7667	2.7914	1.3228	0.093079	0.058893	0.11591	0.069196	0.1115	0.076203	0.084078	0.066372	0.020358	0.0031338	0.0036219	0.012889	0.020314	0.012909	0.0025449	0.0061373	0.0096212	0.0085699	0.0074777	0.0066417	0.0040967	0.0012748	0.0027081	0.0036536	0.0053785	0.0056592	0.0044611	0.00069967	0.00016421	0.0001914	0.00018033	0.00033406	0.0013859	0.0022957	0.001599	0.0023342	0.0013511	0.00071091	0.00054394	0.00030661	0.00028869	0.00025885	0.00020516	0.00019202	0.00024362	0.00027467	0.00027316	0.00018499	0.00019745	0.00031459	0.00037794	0.00033816	0.00039366	0.00040689	0.00040494	0.00024598	0.00037037	0.00047486	0.00030806	0.00031676	205
0.048253	0.083395	0.09425	0.25695	0.54951	0.52363	0.44751	0.5984	1.011	1.7675	1.5392	1.1273	0.89359	0.74028	0.67093	0.43245	0.31918	0.28373	0.19789	0.16946	0.24072	0.21205	0.3747	0.68489	0.62729	0.42772	0.39977	0.36266	0.31361	0.37179	0.29746	0.20818	0.14642	0.10487	0.14796	0.20888	0.17218	0.17483	0.24266	0.19024	0.13748	0.14135	0.15058	0.1232	0.08009	0.06821	0.077857	0.10506	0.12431	0.10964	0.086063	0.060417	0.052227	0.045928	0.05306	0.055349	0.054001	0.046444	0.036006	0.02718	0.026927	0.023229	0.017936	206
2.5381	2.0126	0.46073	0.14114	0.20755	0.16831	0.15999	0.18953	0.1453	0.19414	0.28527	0.47627	0.41386	0.28679	0.21486	0.1532	0.14477	0.11667	0.12205	0.19419	0.31846	0.30756	0.59079	0.73336	0.66194	0.40911	0.22924	0.37066	0.30685	0.23525	0.12259	0.098512	0.1006	0.078934	0.08286	0.1429	0.18838	0.17476	0.18779	0.15398	0.18857	0.23654	0.22916	0.21515	0.14029	0.11258	0.13057	0.13743	0.095707	0.076601	0.075125	0.064397	0.052058	0.04803	0.036458	0.029254	0.038595	0.039701	0.033217	0.019486	0.015416	0.015223	0.011777	207
3.491	2.6333	0.78864	0.12249	0.063533	0.1654	0.17779	0.25759	0.31245	0.32233	0.32905	0.33373	0.40916	0.26932	0.14699	0.1446	0.11835	0.12221	0.09099	0.091326	0.10385	0.095504	0.1156	0.12546	0.13948	0.14475	0.13693	0.12362	0.088986	0.082464	0.078637	0.06579	0.035141	0.05293	0.062558	0.068714	0.1007	0.10233	0.098822	0.07253	0.066941	0.040602	0.038701	0.035205	0.031307	0.029687	0.040682	0.034688	0.041503	0.044397	0.041064	0.029517	0.01864	0.015963	0.01371	0.015441	0.011381	0.013243	0.017534	0.017419	0.01406	0.0084795	0.0048312	208
2.9992	2.2027	0.62214	0.27339	0.57854	0.38462	0.38064	0.37636	0.92207	1.2844	1.0011	0.54146	0.26022	0.16019	0.12814	0.14109	0.088661	0.070196	0.060547	0.059793	0.037549	0.053123	0.048945	0.070959	0.12064	0.1352	0.12884	0.12113	0.076126	0.059371	0.032978	0.021535	0.016867	0.029726	0.024106	0.029578	0.038324	0.054603	0.051725	0.070891	0.070025	0.052686	0.035091	0.026152	0.029122	0.044775	0.040147	0.023841	0.022942	0.022097	0.0179	0.0094832	0.0082456	0.0096819	0.0080985	0.0064929	0.0069635	0.0069461	0.0090664	0.012059	0.0078915	0.00567	0.003675	209
3.2803	2.915	1.1137	0.1883	0.30854	0.43399	0.36682	0.1402	0.05975	0.06615	0.045569	0.01646	0.014123	0.020074	0.038843	0.041223	0.017841	0.01033	0.0068465	0.0060433	0.0066084	0.0061986	0.007532	0.016303	0.029487	0.018786	0.0083383	0.011126	0.0096205	0.0063768	0.0057362	0.0043264	0.002218	0.0032884	0.0058947	0.0055913	0.0069981	0.011677	0.013301	0.011866	0.013662	0.012274	0.0069171	0.0081969	0.0074871	0.007796	0.0054964	0.0036624	0.0037077	0.0021788	0.0010158	0.0010498	0.0014913	0.0012547	0.00060225	0.00042014	0.0002366	0.0002359	0.00034271	0.00065248	0.00065344	0.00038008	0.00033697	210
3.0422	2.303	1.0042	0.40107	0.57914	0.3303	0.41603	0.46032	0.17554	0.055047	0.042396	0.058334	0.084715	0.076128	0.04303	0.019294	0.017361	0.01361	0.011088	0.012493	0.015715	0.014022	0.011004	0.026127	0.05011	0.043435	0.027025	0.02218	0.017958	0.011198	0.0055941	0.0057505	0.0060249	0.0060897	0.0058068	0.0085843	0.0096404	0.0089921	0.009864	0.0078859	0.0099813	0.010104	0.006352	0.0050539	0.0063481	0.0063051	0.0053044	0.0045415	0.0038039	0.002053	0.0021852	0.0019969	0.0020768	0.0016055	0.00089542	0.0007347	0.0008	0.00061421	0.00052567	0.00033043	0.00036642	0.00037726	0.00038185	211
3.1699	2.7565	1.9907	0.88111	0.6667	0.1344	0.030756	0.06504	0.10167	0.060722	0.027323	0.025981	0.0095994	0.0085423	0.0092061	0.010947	0.015766	0.015548	0.010696	0.015438	0.01259	0.0089627	0.011334	0.017943	0.017221	0.0066377	0.0053221	0.0049228	0.0042092	0.0015094	0.00043753	0.00045778	0.0010874	0.0016455	0.0026839	0.0030544	0.0026874	0.0019778	0.0010536	0.00053603	0.0004489	0.0003793	0.00021986	0.00062335	0.0017151	0.0022196	0.0013572	0.00098654	0.0011889	0.00089279	0.0002404	0.00024559	0.00021425	0.00038954	0.00036288	0.00031249	0.00047282	0.00031515	0.00025242	0.00022894	0.00032446	0.00029785	0.00031733	300
4.2475	2.9549	1.7269	0.75845	0.2669	0.19894	0.11185	0.10989	0.084128	0.090175	0.10787	0.051029	0.01683	0.026677	0.020898	0.024947	0.022163	0.016298	0.012765	0.01568	0.016047	0.027124	0.032969	0.015152	0.011047	0.01718	0.015135	0.015687	0.018938	0.016094	0.011196	0.0039133	0.0012479	0.0009918	0.00075446	0.00079228	0.001542	0.0023839	0.0019399	0.0023743	0.0013241	0.00034048	0.00073181	0.0011542	0.00075444	0.00046955	0.00026497	0.00023589	0.000281	0.00037543	0.00046403	0.00030691	0.00033253	0.00039668	0.00041026	0.00027849	0.00052381	0.00055667	0.00043888	0.00040591	0.00052764	0.00061966	0.00054263	301
2.3156	2.4392	0.62727	0.088251	0.033261	0.034215	0.035677	0.084216	0.28664	0.28681	0.11779	0.03555	0.021173	0.027306	0.031848	0.022704	0.0069943	0.0091068	0.010666	0.006678	0.0039357	0.0027372	0.0034638	0.0058393	0.0056709	0.015991	0.017367	0.010551	0.0049834	0.0030214	0.0025227	0.0016175	0.00029977	0.00024374	0.00022584	0.0014061	0.0026858	0.0026354	0.0023211	0.0010971	0.00034034	0.00064479	0.0018508	0.0028462	0.0024726	0.0020489	0.00066348	0.00065108	0.00053226	0.00084753	0.00078912	0.00030308	0.00028737	0.00027551	0.00045729	0.0004485	0.000338	0.00034102	0.00039974	0.00038386	0.00037331	0.00044091	0.00039675	302
2.4391	2.3915	1.9705	0.7345	0.098361	0.027056	0.031122	0.050219	0.043835	0.020479	0.014823	0.0099969	0.0023694	0.0014736	0.0013256	0.0040329	0.0054948	0.0024438	0.0021599	0.0041349	0.0041762	0.0051008	0.0093608	0.0062764	0.0042392	0.0042127	0.0056929	0.0037805	0.0032638	0.0027791	0.0014829	0.00047345	0.00023221	0.00032891	0.00029977	0.00037373	0.00031379	0.00022785	0.0006868	0.0014312	0.0015826	0.00093313	0.00099452	0.00036159	0.00019254	0.00028161	0.00021076	0.0001173	0.00015483	0.00026214	0.00024959	0.00024135	0.00024916	0.00026572	0.00026888	0.00028189	0.00021892	0.00017895	0.00020522	0.00029113	0.00028824	0.00021771	0.00017619	303
3.8643	2.6958	0.96286	0.1932	0.049756	0.011643	0.014655	0.0058586	0.0023952	0.0020315	0.00085789	0.00056189	0.00049775	0.00033174	0.0004659	0.00049357	0.0013225	0.0051669	0.0067733	0.0088265	0.0088737	0.0084981	0.0022613	0.0016213	0.0035295	0.0026702	0.0012903	0.00045308	0.00074214	0.0011236	0.00077019	0.00023768	0.00016569	0.00015957	0.00029709	0.00024075	0.00014896	0.00012794	0.00012964	0.00016696	0.00018326	0.00015487	0.00013995	0.00017224	0.00020901	0.00025081	0.000246	0.00016369	0.00014283	0.000237	0.00026513	0.00034919	0.00038254	0.00034994	0.00025896	0.00031438	0.00041189	0.00049491	0.00057877	0.00044577	0.00042002	0.00048616	0.00046692	304
2.1955	3.0604	1.5055	0.066051	0.080184	0.17173	0.19307	0.22508	0.11294	0.089908	0.11636	0.044999	0.0063693	0.0053926	0.026947	0.037754	0.01754	0.0037088	0.0094862	0.016116	0.015012	0.014528	0.016639	0.010569	0.0030877	0.009245	0.0098683	0.011454	0.018818	0.011388	0.0025971	0.0010306	0.00021461	0.0006919	0.0024299	0.0047793	0.011189	0.012028	0.0069636	0.0038019	0.0037711	0.0016654	0.00057453	0.0024783	0.0043494	0.0029316	0.00097906	0.00033339	0.00068549	0.00064051	0.00029542	0.00034936	0.00036095	0.00043611	0.00034166	0.00050123	0.00059293	0.00038064	0.00031806	0.00038053	0.00047848	0.00044458	0.00042635	305
0.077555	0.11965	0.089815	0.11321	0.28679	0.35036	0.54929	0.52574	1.4718	2.3074	1.3764	0.85502	0.96404	0.88103	0.49001	0.40155	0.36248	0.31535	0.20079	0.16823	0.1497	0.1112	0.15941	0.26232	0.39545	0.29831	0.54975	0.7071	0.45231	0.19687	0.1457	0.16889	0.1256	0.062976	0.14997	0.18235	0.19711	0.21657	0.18163	0.17025	0.13115	0.10618	0.091933	0.096023	0.12739	0.095116	0.082688	0.069308	0.072275	0.073918	0.061484	0.058576	0.057977	0.073963	0.062822	0.061595	0.040298	0.036289	0.038817	0.028408	0.024773	0.017935	0.0078747	306
0.51769	2.07	0.6099	0.1643	0.2628	0.18773	0.094515	0.13858	0.11041	0.14503	0.22512	0.27828	0.21486	0.12416	0.14926	0.18353	0.25014	0.21404	0.12011	0.082124	0.068337	0.12488	0.26167	0.43054	0.4195	0.3625	0.22782	0.20468	0.14653	0.13469	0.06866	0.032418	0.019936	0.066338	0.096784	0.091984	0.14131	0.13913	0.13004	0.11405	0.07843	0.094192	0.079146	0.086167	0.098795	0.09437	0.07174	0.069475	0.069248	0.04327	0.030249	0.038628	0.024533	0.021226	0.019946	0.026913	0.035885	0.035893	0.025563	0.010664	0.012863	0.012003	0.0075393	307
2.88	2.5146	0.75815	0.10019	0.065632	0.06383	0.080719	0.20271	0.25583	0.31746	0.26654	0.16262	0.15637	0.093413	0.072078	0.061029	0.047366	0.04097	0.024908	0.017727	0.019741	0.023996	0.023564	0.02858	0.042544	0.03729	0.029829	0.025498	0.019253	0.017617	0.010783	0.013046	0.013502	0.011451	0.016267	0.020729	0.034817	0.043205	0.034005	0.017063	0.0094278	0.014687	0.014368	0.012099	0.0078507	0.0077763	0.0097066	0.0084469	0.0075768	0.0087157	0.0065053	0.0044647	0.0039649	0.0045326	0.0038586	0.0030318	0.0026924	0.0022647	0.0027037	0.0028168	0.0019704	0.0013926	0.00090937	308
2.7572	2.2518	0.79402	0.21246	0.31086	0.25199	0.27107	0.3489	0.69979	0.68992	0.38939	0.26902	0.17059	0.14643	0.13211	0.10375	0.064689	0.060065	0.047261	0.033482	0.031658	0.031638	0.036478	0.079328	0.12087	0.1272	0.12865	0.10741	0.072321	0.065798	0.048708	0.023412	0.023036	0.018591	0.022342	0.029662	0.042468	0.039007	0.051604	0.037246	0.030877	0.038477	0.032063	0.027169	0.025231	0.020434	0.020234	0.01878	0.015496	0.015695	0.011605	0.0077842	0.0094559	0.0058959	0.0089378	0.012775	0.012299	0.0081124	0.0050172	0.0038032	0.0032867	0.0031173	0.0026541	309
2.1923	2.7213	1.5902	0.42827	0.23873	0.26095	0.14511	0.043272	0.074718	0.071083	0.036448	0.0164	0.013607	0.014457	0.028415	0.029662	0.012759	0.0054188	0.0047395	0.0075439	0.0091847	0.0063299	0.007108	0.011464	0.014415	0.01223	0.012211	0.011017	0.0092817	0.0082711	0.0064152	0.0028523	0.0017653	0.0040354	0.0064725	0.0060808	0.0088885	0.0086181	0.0091939	0.010858	0.013957	0.011312	0.0083831	0.0074511	0.0065362	0.0062191	0.0063937	0.0055206	0.0049706	0.0064754	0.0054238	0.0024218	0.00068073	0.00035975	0.0002961	0.00046969	0.00033909	0.00023464	0.00028974	0.00034433	0.00031606	0.00034098	0.00040281	310
1.7648	2.7824	1.6559	0.38263	0.34287	0.19163	0.17532	0.17245	0.074022	0.021145	0.036126	0.057771	0.047492	0.026431	0.013328	0.0073004	0.0071535	0.0055345	0.0044339	0.0095335	0.010538	0.0062865	0.0085599	0.011741	0.022092	0.024347	0.0236	0.014805	0.008922	0.0056939	0.0035611	0.0017089	0.00057286	0.00070851	0.0018	0.0023708	0.0040482	0.0047146	0.004429	0.0054977	0.0077412	0.0087816	0.0045415	0.0021305	0.001878	0.0018562	0.001885	0.0021514	0.0020787	0.00092706	0.00048895	0.00039098	0.00052679	0.00041905	0.00033061	0.00030851	0.00048403	0.00057043	0.00031702	0.00040246	0.0005472	0.00061276	0.00052398	311
2.4813	2.5504	1.1652	0.90488	0.85981	0.30264	0.035327	0.032913	0.080479	0.061875	0.024431	0.011685	0.010204	0.012889	0.017321	0.015996	0.016391	0.019019	0.012099	0.0075161	0.007642	0.0089328	0.013409	0.022288	0.023334	0.0095571	0.004788	0.0033598	0.0054082	0.0079707	0.0060176	0.0080421	0.011431	0.0080185	0.0064069	0.0053243	0.0027945	0.0040162	0.0037937	0.003004	0.0022184	0.0015276	0.0029188	0.0033603	0.0036806	0.002758	0.0042561	0.0050644	0.0028527	0.00061427	0.00039888	0.00070982	0.0016356	0.0022948	0.0016973	0.0008138	0.00058759	0.00087621	0.00070083	0.00031142	0.00045717	0.00046326	0.00037912	400
2.9861	2.8186	1.0739	0.25877	0.20202	0.17392	0.13652	0.084428	0.073168	0.030353	0.013064	0.01415	0.020715	0.014152	0.024318	0.022354	0.013091	0.0073953	0.0079426	0.012488	0.0098718	0.012465	0.014701	0.0091825	0.0045313	0.0097015	0.010598	0.0060132	0.0046171	0.0065049	0.0051281	0.002949	0.0023149	0.0018816	0.0033163	0.0027766	0.0023366	0.0047647	0.0085923	0.011011	0.0076991	0.0046177	0.0022247	0.0031307	0.0041004	0.0018535	0.0019889	0.0030525	0.0019717	0.0010461	0.00049628	0.00043205	0.00053703	0.0016382	0.0020512	0.00083463	0.00043633	0.00029314	0.0005005	0.00057567	0.0004458	0.0004431	0.00031153	401
3.1644	2.8904	0.79292	0.085199	0.026021	0.028022	0.035171	0.029096	0.07213	0.058005	0.036182	0.014126	0.008969	0.016083	0.026241	0.029439	0.0072116	0.0034506	0.0043767	0.0054649	0.0073682	0.0068625	0.0031254	0.0044292	0.0095875	0.012538	0.012554	0.011101	0.005355	0.00076054	0.0011022	0.0010309	0.00049876	0.00017428	0.00022422	0.00049121	0.0026438	0.0034405	0.0025982	0.0019665	0.0011544	0.00039135	0.00026136	0.00050901	0.00086009	0.00054923	0.00018409	0.00022994	0.00019653	0.00016026	0.00018946	0.00015432	0.00017211	0.00025424	0.00029458	0.0002479	0.00018917	0.00022507	0.00020212	0.00018066	0.00021617	0.00021562	0.0003054	402
2.9745	2.8351	1.3887	0.44704	0.13616	0.020428	0.013605	0.020707	0.033459	0.025965	0.02862	0.018358	0.0027676	0.0019968	0.0050705	0.0090596	0.018371	0.014957	0.0053046	0.0013514	0.0043951	0.012736	0.023083	0.022055	0.0088269	0.0078823	0.0090202	0.0049875	0.0029082	0.0037083	0.0038136	0.0038147	0.0021188	0.00043622	0.00038931	0.00061207	0.00041762	0.00029752	0.00063748	0.0009384	0.00090181	0.0017508	0.0013292	0.0012086	0.0022419	0.0012473	0.00026964	0.00022192	0.00020557	0.00025159	0.00016893	0.00015516	0.00099929	0.0021512	0.0015547	0.00042687	0.00024071	0.00020837	0.00021956	0.00030097	0.00032133	0.00026652	0.00028594	403
2.9306	2.8208	0.81164	0.13976	0.034582	0.012917	0.0070746	0.0041802	0.0024869	0.0031877	0.0015125	0.00090239	0.0014649	0.0014841	0.00047431	0.00057304	0.0015672	0.0030998	0.0043281	0.0039019	0.0032114	0.002113	0.00070146	0.0010526	0.0011597	0.00085567	0.0016098	0.0020506	0.00097006	0.0013821	0.00091704	0.00027287	0.00011156	0.00024734	0.00029518	0.00041598	0.00064479	0.00028663	0.00019611	0.00011263	9.2285e-05	0.00015769	0.00014572	0.00011834	0.0001646	0.00019766	0.00046467	0.00035666	0.00010344	0.00015927	0.00014833	0.00016593	0.000257	0.00022128	0.00024497	0.00023706	0.00025376	0.00022297	0.000159	0.00026547	0.00034238	0.00026574	0.00025603	404
3.3024	2.8321	0.99396	0.13775	0.070066	0.11818	0.082465	0.035826	0.03097	0.034986	0.03265	0.01073	0.0074219	0.01389	0.027394	0.020352	0.010034	0.0042553	0.004879	0.0084091	0.0075218	0.0093744	0.0061664	0.0056897	0.0072684	0.0047094	0.0088286	0.007665	0.0071358	0.0049011	0.0023037	0.0013342	0.00033789	0.00057127	0.0028219	0.0046628	0.0059736	0.007904	0.0070484	0.0043967	0.0025911	0.0030846	0.0026643	0.0016477	0.001419	0.0026471	0.0019198	0.0013186	0.0012609	0.00091549	0.00046383	0.0005982	0.00031001	0.000192	0.00018512	0.00019559	0.0001905	0.00021993	0.00020848	0.00019811	0.00022172	0.00021874	0.00023174	405
0.1088	0.20551	0.19346	0.18795	0.49695	0.6234	0.4539	0.69479	1.0962	1.3617	1.3669	1.0835	0.88216	0.92141	0.69102	0.49218	0.36433	0.34951	0.2696	0.18246	0.20003	0.24974	0.3452	0.48266	0.53291	0.674	0.85374	0.78844	0.61058	0.49353	0.32594	0.31957	0.23871	0.2255	0.241	0.34629	0.38903	0.34548	0.29331	0.30927	0.24031	0.21186	0.17273	0.11086	0.16229	0.16424	0.079963	0.10528	0.10316	0.096222	0.093303	0.075321	0.075985	0.077252	0.10385	0.092766	0.069081	0.05929	0.040317	0.041532	0.037148	0.025528	0.015154	406
3.1263	2.8365	0.81927	0.14798	0.16632	0.088172	0.10099	0.076282	0.086136	0.09566	0.17275	0.28604	0.34452	0.22241	0.12435	0.068564	0.13425	0.24863	0.16936	0.12994	0.1115	0.13027	0.26206	0.35646	0.40129	0.33593	0.15112	0.083022	0.12823	0.14483	0.09636	0.054763	0.030108	0.048325	0.054807	0.06351	0.074558	0.13553	0.14064	0.093471	0.050587	0.054208	0.073625	0.11102	0.11925	0.092215	0.067308	0.084106	0.083599	0.050112	0.03166	0.035895	0.028131	0.025925	0.025346	0.028895	0.024795	0.024449	0.017863	0.020294	0.017143	0.011648	0.0071188	407
3.1384	2.8619	0.80048	0.093714	0.0487	0.065097	0.082423	0.16792	0.2009	0.11776	0.18166	0.11441	0.064312	0.04194	0.053232	0.058267	0.042223	0.033599	0.028424	0.024791	0.016347	0.019024	0.027959	0.029458	0.027751	0.024441	0.033812	0.032165	0.029074	0.02606	0.020201	0.012978	0.0069846	0.011532	0.015095	0.014113	0.019798	0.02402	0.018641	0.01178	0.01075	0.0088248	0.0059678	0.0036956	0.0046267	0.0063481	0.010328	0.014258	0.014045	0.010598	0.0068834	0.0030975	0.0029238	0.0036099	0.0027277	0.0018215	0.0023964	0.0028698	0.0026099	0.0016262	0.0014738	0.0012661	0.00073236	408
3.0764	2.8089	0.9904	0.20052	0.23106	0.15783	0.14492	0.1834	0.32389	0.38362	0.28954	0.1499	0.10174	0.075102	0.069735	0.05515	0.03375	0.036881	0.025554	0.016741	0.019315	0.020501	0.027168	0.046464	0.058948	0.054347	0.073055	0.061878	0.026925	0.026205	0.017505	0.012311	0.0064771	0.0078985	0.0084363	0.011989	0.017632	0.020782	0.018555	0.012685	0.0098754	0.0086546	0.0071561	0.007466	0.0074791	0.0060099	0.0071959	0.0076592	0.0070157	0.0068516	0.0069177	0.0042464	0.0034448	0.0050059	0.00379	0.0034224	0.0026992	0.0025413	0.0021703	0.0014931	0.00090589	0.00042805	0.00063558	409
3.3393	2.9261	0.80142	0.11894	0.11491	0.16566	0.20957	0.075589	0.022059	0.036651	0.026618	0.0059653	0.0029419	0.0069754	0.015881	0.018139	0.0069822	0.00197	0.0017854	0.0047476	0.0032776	0.0053499	0.0030405	0.0045953	0.0061953	0.0036921	0.0022473	0.0042639	0.0067816	0.0043236	0.0052632	0.0038056	0.00097408	0.0012879	0.0030157	0.0042404	0.0051287	0.0070947	0.0090262	0.0097547	0.0075851	0.0046605	0.0050757	0.0064335	0.0047979	0.0047816	0.0061143	0.0059052	0.0030734	0.0010473	0.0010785	0.00076951	0.00022527	0.00018295	0.00017656	0.00016671	0.00018738	0.00022378	0.00016948	0.0001586	0.00015959	0.00017071	0.00017859	410
2.895	2.7879	1.1051	0.22019	0.20998	0.18998	0.19301	0.20149	0.10896	0.029277	0.033656	0.043212	0.026778	0.017857	0.016735	0.01222	0.0077069	0.0075071	0.0065708	0.013028	0.014785	0.011847	0.022364	0.014453	0.015263	0.01549	0.016055	0.012873	0.0096704	0.0057307	0.0032023	0.0024746	0.0010659	0.00095766	0.0017865	0.0023699	0.0026983	0.0032826	0.0050075	0.0045585	0.0029155	0.0022319	0.0016504	0.0015157	0.0014567	0.0012633	0.0012233	0.001632	0.0015256	0.0014043	0.0015273	0.0015907	0.0018081	0.0016521	0.00089745	0.00043655	0.00047794	0.00086965	0.0011395	0.00060071	0.00029913	0.0002923	0.00022864	411
